time	V(gatedmirrorout)
0.000000000000000e+00	1.052209e+02
1.672858252527579e-12	1.052209e+02
5.018574757582738e-12	1.052209e+02
1.171000776769140e-11	1.052209e+02
2.458534554599427e-11	1.052209e+02
4.298591397656270e-11	1.052209e+02
6.061842897488828e-11	1.052209e+02
6.371370379208495e-11	1.052209e+02
6.990425342647828e-11	1.052209e+02
8.228535269526494e-11	1.052209e+02
1.070475512328383e-10	1.052209e+02
1.363444262328380e-10	1.052209e+02
1.656413012328377e-10	1.052209e+02
1.949381762328374e-10	1.052209e+02
2.535319262328369e-10	1.052209e+02
3.341964246982385e-10	1.052209e+02
4.148609231636401e-10	1.052209e+02
4.955254216290415e-10	1.052209e+02
5.761899200944433e-10	1.052209e+02
6.568544185598447e-10	1.052209e+02
7.375189170252463e-10	1.052209e+02
8.181834154906477e-10	1.052209e+02
3.980303102094170e-09	1.052209e+02
3.980303996163842e-09	1.052209e+02
3.980304024103519e-09	1.052209e+02
3.980304031088439e-09	1.052209e+02
3.980304045058277e-09	1.052209e+02
3.980304048550737e-09	1.052209e+02
3.980304055535656e-09	1.052209e+02
3.980304069505495e-09	1.052209e+02
3.980304069942052e-09	1.052209e+02
3.980304070051192e-09	1.052209e+02
3.980304070080489e-09	1.052210e+02
3.980304070139084e-09	1.052210e+02
3.980304070168381e-09	1.052210e+02
4.038897820168380e-09	1.052209e+02
4.068194695168380e-09	1.052209e+02
4.447626767565485e-09	1.052209e+02
4.447627965211129e-09	1.052209e+02
4.447628264622541e-09	1.052209e+02
4.447628339475393e-09	1.052209e+02
4.447628358188606e-09	1.052209e+02
4.447628362866910e-09	1.052209e+02
4.447628372223517e-09	1.052209e+02
4.447628390936729e-09	1.052209e+02
4.447628428363157e-09	1.052209e+02
4.447628437719764e-09	1.052209e+02
4.447628440058915e-09	1.052209e+02
4.447628444737218e-09	1.052209e+02
4.447628454093825e-09	1.052209e+02
4.447628472807038e-09	1.052209e+02
4.447628510233465e-09	1.052209e+02
4.447628585086318e-09	1.052209e+02
4.447628603799530e-09	1.052209e+02
4.447628641225957e-09	1.052209e+02
4.447628716078810e-09	1.052209e+02
4.447628865784515e-09	1.052209e+02
4.447628978063794e-09	1.052209e+02
4.447628996777007e-09	1.052209e+02
4.447629001455311e-09	1.052209e+02
4.447629002624886e-09	1.052209e+02
4.447629002917279e-09	1.052209e+02
4.447629002990377e-09	1.052209e+02
4.447629003136575e-09	1.052209e+02
4.447629003428968e-09	1.052209e+02
4.447629003502066e-09	1.052209e+02
4.447629003648264e-09	1.052209e+02
4.447629003684814e-09	1.052209e+02
4.447629003757912e-09	1.052209e+02
4.509884863132911e-09	1.052209e+02
4.517209081882910e-09	1.052209e+02
4.524208262578127e-09	1.052209e+02
4.524209859960288e-09	1.052209e+02
4.524209909878481e-09	1.052209e+02
4.524210009714866e-09	1.052209e+02
4.524210209387637e-09	1.052209e+02
4.524210608733177e-09	1.052209e+02
4.524210683909377e-09	1.052209e+02
4.524210784144313e-09	1.052209e+02
4.524210984614183e-09	1.052209e+02
4.524211085249260e-09	1.052209e+02
4.524211085310004e-09	1.052210e+02
4.586466944685004e-09	1.052209e+02
4.593791163435003e-09	1.052209e+02
5.190250075330762e-09	1.052209e+02
5.190251863470104e-09	1.052209e+02
5.190251921095691e-09	1.052209e+02
5.190251924588150e-09	1.052209e+02
5.190251931573068e-09	1.052209e+02
5.190251945542908e-09	1.052209e+02
5.190251973482584e-09	1.052209e+02
5.190252029361940e-09	1.052209e+02
5.190252141120649e-09	1.052209e+02
5.190252364638065e-09	1.052209e+02
5.190252811672901e-09	1.052209e+02
5.190253705742574e-09	1.052209e+02
5.190262007818096e-09	1.052209e+02
5.190270309893619e-09	1.052209e+02
5.190278611969141e-09	1.052209e+02
5.190286914044664e-09	1.052209e+02
5.190295216120186e-09	1.052209e+02
5.190303518195709e-09	1.052209e+02
5.190311820271231e-09	1.052209e+02
5.190315396549919e-09	1.052209e+02
5.190315410519759e-09	1.052209e+02
5.190315414012218e-09	1.052209e+02
5.190315420997136e-09	1.052209e+02
5.190315434966976e-09	1.052209e+02
5.190315438459435e-09	1.052209e+02
5.190315445444353e-09	1.052209e+02
5.190315459414193e-09	1.052209e+02
5.190315487353869e-09	1.052209e+02
5.190315543233225e-09	1.052209e+02
5.190315557203065e-09	1.052209e+02
5.190315557232360e-09	1.052209e+02
5.190315557290955e-09	1.052209e+02
5.190315557408143e-09	1.052210e+02
5.190315557437438e-09	1.052210e+02
5.190315557466734e-09	1.052209e+02
5.190315557525328e-09	1.052209e+02
5.190315557554623e-09	1.052209e+02
5.190315557613217e-09	1.052209e+02
5.190315557730406e-09	1.052209e+02
5.190315557759701e-09	1.052209e+02
5.190315557788997e-09	1.052210e+02
5.190315557818292e-09	1.052209e+02
5.190315557876886e-09	1.052209e+02
5.190315557994075e-09	1.052209e+02
5.190315558081964e-09	1.052210e+02
5.190315558111260e-09	1.052209e+02
5.190315558140555e-09	1.052209e+02
5.190315558199149e-09	1.052210e+02
5.190315558316338e-09	1.052209e+02
5.190315558550711e-09	1.052209e+02
5.190315559019461e-09	1.052209e+02
5.190315559136649e-09	1.052209e+02
5.190315559165945e-09	1.052209e+02
5.190315559224539e-09	1.052210e+02
5.190315559253834e-09	1.052209e+02
5.190315559312428e-09	1.052209e+02
5.190315559429617e-09	1.052209e+02
5.190315559663990e-09	1.052209e+02
5.190315559722584e-09	1.052210e+02
5.190315559839773e-09	1.052209e+02
5.190315560074146e-09	1.052209e+02
5.190315560542896e-09	1.052209e+02
5.190315560660084e-09	1.052209e+02
5.190315560894458e-09	1.052209e+02
5.190315561363208e-09	1.052209e+02
5.190315561480396e-09	1.052209e+02
5.190315561509691e-09	1.052209e+02
5.190315561538987e-09	1.052209e+02
5.190315561597581e-09	1.052210e+02
5.190315561626876e-09	1.052209e+02
5.190315561685471e-09	1.052209e+02
5.190315561714766e-09	1.052209e+02
5.190315561744062e-09	1.052209e+02
5.190315561802656e-09	1.052209e+02
5.190315561919844e-09	1.052209e+02
5.190315561949139e-09	1.052209e+02
5.190315562007734e-09	1.052209e+02
5.190315562037029e-09	1.052210e+02
5.190315562095623e-09	1.052210e+02
5.190315562154214e-09	1.052210e+02
5.190315562212808e-09	1.052210e+02
5.190315562329997e-09	1.052209e+02
5.190315562359292e-09	1.052210e+02
5.190315562417886e-09	1.052210e+02
5.190315562447182e-09	1.052209e+02
5.190315562535071e-09	1.052210e+02
5.190315562593665e-09	1.052210e+02
5.190315562622961e-09	1.052210e+02
5.190315562681555e-09	1.052210e+02
5.190315562740146e-09	1.052209e+02
5.190315562798740e-09	1.052210e+02
5.190315562828035e-09	1.052210e+02
5.190315562857331e-09	1.052210e+02
5.190315562945220e-09	1.052210e+02
5.190315563003815e-09	1.052210e+02
5.190315563062405e-09	1.052209e+02
5.190315563091701e-09	1.052210e+02
5.190315563150295e-09	1.052210e+02
5.190315563179590e-09	1.052209e+02
5.190315563238185e-09	1.052210e+02
5.190315563267480e-09	1.052210e+02
5.190315563326071e-09	1.052209e+02
5.190315563355366e-09	1.052209e+02
5.190315563384662e-09	1.052209e+02
5.190315563443256e-09	1.052210e+02
5.190315563472551e-09	1.052210e+02
5.190315563501847e-09	1.052209e+02
5.190315563589736e-09	1.052210e+02
5.190315563648331e-09	1.052210e+02
5.190315563677626e-09	1.052210e+02
5.190315563736217e-09	1.052210e+02
5.190315563794811e-09	1.052210e+02
5.190315563853402e-09	1.052209e+02
5.190315563911996e-09	1.052210e+02
5.190315563941291e-09	1.052209e+02
5.190315563999886e-09	1.052210e+02
5.190315564029181e-09	1.052210e+02
5.190315564058476e-09	1.052210e+02
5.190315564087772e-09	1.052209e+02
5.190315564175661e-09	1.052210e+02
5.252571423550666e-09	1.052209e+02
5.259895642300665e-09	1.052209e+02
5.594027160583053e-09	1.052209e+02
5.594027787051360e-09	1.052209e+02
5.594029039987975e-09	1.052209e+02
5.594029079142245e-09	1.052209e+02
5.594029157450785e-09	1.052209e+02
5.594029177027920e-09	1.052209e+02
5.594029216182190e-09	1.052209e+02
5.594029225970758e-09	1.052209e+02
5.594029245547893e-09	1.052209e+02
5.594029284702163e-09	1.052209e+02
5.594029363010703e-09	1.052209e+02
5.594029365457844e-09	1.052209e+02
5.594029370352126e-09	1.052209e+02
5.594029380140694e-09	1.052209e+02
5.594029399717829e-09	1.052209e+02
5.594029438872099e-09	1.052209e+02
5.594029517180639e-09	1.052209e+02
5.594029673797716e-09	1.052209e+02
5.594029987031869e-09	1.052209e+02
5.594030065340409e-09	1.052209e+02
5.594030221957486e-09	1.052209e+02
5.594030261111756e-09	1.052209e+02
5.594030339420296e-09	1.052209e+02
5.594030496037373e-09	1.052209e+02
5.594030535191643e-09	1.052209e+02
5.594030535250234e-09	1.052209e+02
5.594030535279530e-09	1.052209e+02
5.594030535338124e-09	1.052209e+02
5.594030535367419e-09	1.052209e+02
5.594030535455309e-09	1.052209e+02
5.594030535513903e-09	1.052209e+02
5.594030535631091e-09	1.052209e+02
5.594030535865465e-09	1.052209e+02
5.594030535924059e-09	1.052210e+02
5.594030535953354e-09	1.052209e+02
5.594030535982650e-09	1.052209e+02
5.594030536041244e-09	1.052210e+02
5.594030536158432e-09	1.052209e+02
5.594030536392805e-09	1.052209e+02
5.594030536451400e-09	1.052209e+02
5.594030536480695e-09	1.052209e+02
5.594030536509990e-09	1.052209e+02
5.594030536568585e-09	1.052209e+02
5.594030536685773e-09	1.052210e+02
5.594030536920146e-09	1.052209e+02
5.594030537388896e-09	1.052209e+02
5.594030538326396e-09	1.052209e+02
5.594030540201396e-09	1.052209e+02
5.594030543951397e-09	1.052209e+02
5.594030551451397e-09	1.052209e+02
5.594030566451397e-09	1.052209e+02
5.594030596451399e-09	1.052209e+02
5.594030656451398e-09	1.052209e+02
5.594030658326398e-09	1.052209e+02
5.594030662076398e-09	1.052209e+02
5.594030669576398e-09	1.052209e+02
5.594030684576399e-09	1.052209e+02
5.594030688326399e-09	1.052209e+02
5.594030695826399e-09	1.052209e+02
5.594030710826400e-09	1.052209e+02
5.594030714576400e-09	1.052209e+02
5.594030714693588e-09	1.052210e+02
5.594030714927962e-09	1.052209e+02
5.594030715396712e-09	1.052209e+02
5.594030716334212e-09	1.052209e+02
5.594030716568585e-09	1.052209e+02
5.594030716627179e-09	1.052209e+02
5.594030716744368e-09	1.052210e+02
5.594030716978741e-09	1.052209e+02
5.594030717008036e-09	1.052210e+02
5.594030717066630e-09	1.052209e+02
5.594030717183819e-09	1.052210e+02
5.594030717242410e-09	1.052209e+02
5.594030717301004e-09	1.052209e+02
5.594030717418192e-09	1.052209e+02
5.594030717447488e-09	1.052210e+02
5.594030717506082e-09	1.052210e+02
5.594030717535377e-09	1.052210e+02
5.594030717564673e-09	1.052210e+02
5.594030717593968e-09	1.052209e+02
5.594030717652562e-09	1.052209e+02
5.594030717769751e-09	1.052209e+02
5.594030717799046e-09	1.052209e+02
5.594030717857640e-09	1.052209e+02
5.594030717974828e-09	1.052209e+02
5.594030718209202e-09	1.052209e+02
5.594030718267796e-09	1.052210e+02
5.594030718384984e-09	1.052209e+02
5.594030718619358e-09	1.052209e+02
5.594030718677952e-09	1.052210e+02
5.594030718707247e-09	1.052210e+02
5.594030718765841e-09	1.052209e+02
5.594030718883030e-09	1.052210e+02
5.594030719117403e-09	1.052209e+02
5.594030719586153e-09	1.052209e+02
5.594030719703341e-09	1.052209e+02
5.594030719937715e-09	1.052209e+02
5.594030720406465e-09	1.052209e+02
5.594030721343965e-09	1.052209e+02
5.594030721578338e-09	1.052209e+02
5.594030722047088e-09	1.052209e+02
5.594030722984588e-09	1.052209e+02
5.594030724859588e-09	1.052209e+02
5.594030728609589e-09	1.052209e+02
5.594030736109589e-09	1.052209e+02
5.594030751109589e-09	1.052209e+02
5.594030781109591e-09	1.052209e+02
5.594030788609591e-09	1.052209e+02
5.594030803609591e-09	1.052209e+02
5.594030833609593e-09	1.052209e+02
5.594030893609592e-09	1.052209e+02
5.594030908609592e-09	1.052209e+02
5.594030912359592e-09	1.052209e+02
5.594030919859593e-09	1.052209e+02
5.594030934859593e-09	1.052209e+02
5.594030964859594e-09	1.052209e+02
5.594030972359595e-09	1.052209e+02
5.594030987359595e-09	1.052209e+02
5.594030991109595e-09	1.052209e+02
5.594030998609596e-09	1.052209e+02
5.594031013609596e-09	1.052209e+02
5.594031014078346e-09	1.052209e+02
5.594031014195535e-09	1.052209e+02
5.594031014429908e-09	1.052209e+02
5.594031014898658e-09	1.052209e+02
5.594031015015846e-09	1.052209e+02
5.594031015250220e-09	1.052209e+02
5.594031015718970e-09	1.052209e+02
5.594031015836158e-09	1.052209e+02
5.594031015865453e-09	1.052209e+02
5.594031015924048e-09	1.052209e+02
5.594031016041236e-09	1.052209e+02
5.594031016070531e-09	1.052209e+02
5.594031016129126e-09	1.052209e+02
5.594031016158421e-09	1.052209e+02
5.594031016187716e-09	1.052209e+02
5.594031016246311e-09	1.052209e+02
5.594031016275606e-09	1.052209e+02
5.594031016334200e-09	1.052209e+02
5.594031016451389e-09	1.052209e+02
5.594031016685762e-09	1.052209e+02
5.594031017154512e-09	1.052209e+02
5.594031018092012e-09	1.052209e+02
5.594031019967012e-09	1.052209e+02
5.594031023717012e-09	1.052209e+02
5.594031024654512e-09	1.052209e+02
5.594031024888886e-09	1.052209e+02
5.594031024947480e-09	1.052209e+02
5.626990009322482e-09	1.052209e+02
5.627098718419113e-09	1.052209e+02
5.886447343899672e-09	1.052209e+02
5.915744218899673e-09	1.052209e+02
5.920472860570626e-09	1.048307e+02
5.923541582112249e-09	1.045034e+02
5.925630775103919e-09	1.044123e+02
5.927953862405603e-09	1.043279e+02
5.931460856181809e-09	1.042509e+02
5.935611792616566e-09	1.043272e+02
5.938758515580786e-09	1.044273e+02
5.941860235071141e-09	1.045259e+02
5.945020999132074e-09	1.046243e+02
5.948497391591740e-09	1.047180e+02
5.951738878318624e-09	1.047982e+02
5.954482000925767e-09	1.048541e+02
5.957458296877255e-09	1.049110e+02
5.961047168647441e-09	1.049654e+02
5.968224912187813e-09	1.050710e+02
5.976585445272318e-09	1.053033e+02
5.983855031457992e-09	1.057296e+02
5.991467211375021e-09	1.062508e+02
6.001136738218687e-09	1.068184e+02
6.009957589164164e-09	1.071919e+02
6.019485546461557e-09	1.074618e+02
6.028772672479489e-09	1.075509e+02
6.038370804103180e-09	1.072747e+02
6.048251880613178e-09	1.068025e+02
6.057578295151722e-09	1.063919e+02
6.063700865256620e-09	1.061446e+02
6.068633848823451e-09	1.059668e+02
6.073563386772447e-09	1.058003e+02
6.078513482363993e-09	1.056536e+02
6.083636350951690e-09	1.055194e+02
6.091273773297253e-09	1.053661e+02
6.097897511196808e-09	1.052793e+02
6.102718576611539e-09	1.052473e+02
6.106922740031909e-09	1.052395e+02
6.110962865913909e-09	1.052509e+02
6.115105096939810e-09	1.052792e+02
6.119692614076582e-09	1.053295e+02
6.125620874970439e-09	1.054170e+02
6.132327431180017e-09	1.055381e+02
6.140556674922297e-09	1.056983e+02
6.150942163973692e-09	1.058851e+02
6.156573224445281e-09	1.059680e+02
6.160759660167600e-09	1.060177e+02
6.164753036792421e-09	1.060552e+02
6.168832287480358e-09	1.060833e+02
6.172977143823317e-09	1.061010e+02
6.177605647579499e-09	1.061105e+02
6.183620266415015e-09	1.061103e+02
6.190629940757401e-09	1.061004e+02
6.200306189409541e-09	1.060868e+02
6.206224475558914e-09	1.060856e+02
6.211061540231262e-09	1.060919e+02
6.216048149513306e-09	1.061059e+02
6.222309944558683e-09	1.061332e+02
6.229359343380411e-09	1.061726e+02
6.237794740712710e-09	1.062208e+02
6.247736654776247e-09	1.062589e+02
6.255773733292434e-09	1.062604e+02
6.261473771596068e-09	1.062397e+02
6.266888146437382e-09	1.062013e+02
6.272288083718653e-09	1.061447e+02
6.277250179754759e-09	1.060770e+02
6.281527661901533e-09	1.060078e+02
6.285765488453194e-09	1.059302e+02
6.289960811661049e-09	1.058458e+02
6.294495555946517e-09	1.057470e+02
6.299224286808199e-09	1.056370e+02
6.304257308458047e-09	1.055128e+02
6.309379106448006e-09	1.053796e+02
6.315241828810213e-09	1.052182e+02
6.321388364474362e-09	1.050377e+02
6.328223364071146e-09	1.048202e+02
6.335410185045999e-09	1.045678e+02
6.343602742740863e-09	1.042441e+02
6.354630696473738e-09	1.037381e+02
6.361864131409542e-09	1.033603e+02
6.369829133479798e-09	1.029047e+02
6.377879698860462e-09	1.024097e+02
6.387574137576640e-09	1.017842e+02
6.398567014134780e-09	1.010643e+02
6.414665894730750e-09	1.000517e+02
6.424969843576258e-09	9.944984e+01
6.434646617781228e-09	9.892097e+01
6.446684911133608e-09	9.829746e+01
6.459356622040938e-09	9.765597e+01
6.469750471561887e-09	9.712245e+01
6.480112140702990e-09	9.657572e+01
6.494112054333231e-09	9.581909e+01
6.505534071044223e-09	9.519707e+01
6.515742234303684e-09	9.464749e+01
6.525921114106577e-09	9.410876e+01
6.535030484234546e-09	9.363152e+01
6.544285363231058e-09	9.314342e+01
6.554282010478255e-09	9.259980e+01
6.566055861609866e-09	9.192105e+01
6.572974101022592e-09	9.149787e+01
6.579897506575707e-09	9.105478e+01
6.589034073023708e-09	9.044270e+01
6.597362403785472e-09	8.986249e+01
6.608256442053301e-09	8.908352e+01
6.616621094056663e-09	8.847762e+01
6.622049011998973e-09	8.808360e+01
6.626954488501088e-09	8.772793e+01
6.631717060122434e-09	8.738319e+01
6.635896992946754e-09	8.708090e+01
6.643001106915350e-09	8.656686e+01
6.651018653505321e-09	8.598370e+01
6.658446791321631e-09	8.543736e+01
6.666750739749907e-09	8.481708e+01
6.675723748548493e-09	8.413385e+01
6.684910441993287e-09	8.342159e+01
6.695010594832700e-09	8.262938e+01
6.706481944532106e-09	8.172978e+01
6.722047196685402e-09	8.053395e+01
6.732743334766303e-09	7.973858e+01
6.744245340155524e-09	7.890930e+01
6.758085549639654e-09	7.793863e+01
6.775075870406296e-09	7.676703e+01
6.788382114505358e-09	7.585376e+01
6.803072050724781e-09	7.484879e+01
6.819776535070096e-09	7.372212e+01
6.840352793353184e-09	7.237031e+01
6.855468552634253e-09	7.139478e+01
6.874195952938868e-09	7.017162e+01
6.891606952338227e-09	6.898672e+01
6.906032382343082e-09	6.795538e+01
6.926202843616341e-09	6.644223e+01
6.944595819504999e-09	6.500259e+01
6.957207827839727e-09	6.398544e+01
6.970798338224241e-09	6.285627e+01
6.986383456718686e-09	6.150685e+01
7.000647931737467e-09	6.021280e+01
7.014278397422841e-09	5.892381e+01
7.031451410659556e-09	5.724041e+01
7.049290933802214e-09	5.544232e+01
7.064056396524615e-09	5.392768e+01
7.081097161005962e-09	5.215150e+01
7.099240330161879e-09	5.022227e+01
7.115838820354927e-09	4.842300e+01
7.133253442460630e-09	4.651109e+01
7.152598826678784e-09	4.438047e+01
7.172622639910094e-09	4.218480e+01
7.190759432931778e-09	4.020252e+01
7.211624678789822e-09	3.791034e+01
7.232355150581073e-09	3.560688e+01
7.253628438396583e-09	3.322103e+01
7.275963719087155e-09	3.071270e+01
7.292316753909925e-09	2.888320e+01
7.310464447878580e-09	2.686284e+01
7.329501633774466e-09	2.475508e+01
7.343855594990574e-09	2.317854e+01
7.360638434319207e-09	2.136515e+01
7.378685985938878e-09	1.947626e+01
7.395261215112337e-09	1.781816e+01
7.411406194925769e-09	1.627977e+01
7.429687102904740e-09	1.463016e+01
7.439201774041100e-09	1.382932e+01
7.446869863646382e-09	1.323321e+01
7.454899158511599e-09	1.264508e+01
7.464585644219737e-09	1.196670e+01
7.475749253321237e-09	1.121817e+01
7.484442954145109e-09	1.065527e+01
7.491028425784970e-09	1.023692e+01
7.497652115667878e-09	9.820317e+00
7.505485937552079e-09	9.330754e+00
7.513015728790659e-09	8.862860e+00
7.522504125700141e-09	8.277776e+00
7.533225586064304e-09	7.624273e+00
7.544808610207267e-09	6.932467e+00
7.555326364036376e-09	6.323899e+00
7.567439540915735e-09	5.655912e+00
7.578519080907945e-09	5.084148e+00
7.593787352728415e-09	4.369240e+00
7.605022904795133e-09	3.899127e+00
7.616475950178273e-09	3.465384e+00
7.629145489661748e-09	3.030418e+00
7.646414498846608e-09	2.496216e+00
7.656458443060935e-09	2.211549e+00
7.665268277423724e-09	1.975956e+00
7.676390712500829e-09	1.698273e+00
7.687663365031017e-09	1.441104e+00
7.696602217266573e-09	1.255319e+00
7.705595409258073e-09	1.084150e+00
7.716318985585786e-09	8.978304e-01
7.727672244441734e-09	7.166071e-01
7.741630908249393e-09	5.072868e-01
7.750366630868320e-09	3.803292e-01
7.768541789867872e-09	1.201820e-01
7.779470624772538e-09	-3.286070e-02
7.791705500150754e-09	-1.983086e-01
7.801956984529389e-09	-3.308145e-01
7.812401795803610e-09	-4.601960e-01
7.825716483026566e-09	-6.200635e-01
7.838370485752473e-09	-7.714122e-01
7.857624740667141e-09	-1.010927e+00
7.882282811208514e-09	-1.339118e+00
7.895959244262127e-09	-1.526234e+00
7.941556170414979e-09	-2.137605e+00
7.958052124276682e-09	-2.361327e+00
7.972109523063946e-09	-2.557124e+00
7.986336794088988e-09	-2.758121e+00
8.003375283417898e-09	-2.995783e+00
8.021901934629877e-09	-3.242123e+00
8.039301451362460e-09	-3.458455e+00
8.058580621489909e-09	-3.683254e+00
8.080284821593800e-09	-3.920763e+00
8.096710677181546e-09	-4.087559e+00
8.118050191293189e-09	-4.277284e+00
8.139612725573443e-09	-4.428348e+00
8.157470293237981e-09	-4.520120e+00
8.178643744950997e-09	-4.593482e+00
8.197989970508091e-09	-4.629187e+00
8.214683993634931e-09	-4.634173e+00
8.234153009837621e-09	-4.604311e+00
8.250729150296314e-09	-4.545979e+00
8.266388488360708e-09	-4.463797e+00
8.284812264399509e-09	-4.337701e+00
8.301237629914867e-09	-4.201828e+00
8.313336326198480e-09	-4.088439e+00
8.341540270276618e-09	-3.777467e+00
8.358051228720201e-09	-3.563926e+00
8.378871243333832e-09	-3.265836e+00
8.401155084512692e-09	-2.921185e+00
8.413084558312494e-09	-2.728748e+00
8.424174428059527e-09	-2.545410e+00
8.439534541060928e-09	-2.284419e+00
8.455271017428959e-09	-2.009011e+00
8.469805194642136e-09	-1.748991e+00
8.487041755173708e-09	-1.437494e+00
8.505924128719040e-09	-1.097812e+00
8.524005807091475e-09	-7.782191e-01
8.546649454209455e-09	-3.887527e-01
8.568482333517058e-09	-2.633406e-02
8.588938805311359e-09	2.979657e-01
8.613023926729387e-09	6.529998e-01
8.641192241263196e-09	1.022274e+00
8.667203328556585e-09	1.315862e+00
8.694072967327744e-09	1.570825e+00
8.717626239966031e-09	1.751872e+00
8.742882234943077e-09	1.897857e+00
8.766623930209350e-09	1.988664e+00
8.792987257639617e-09	2.040371e+00
8.820606865105471e-09	2.044067e+00
8.839860755798939e-09	2.017443e+00
8.861327634208859e-09	1.960098e+00
8.875463970950768e-09	1.907257e+00
8.890747858085495e-09	1.838347e+00
8.907379074948377e-09	1.751598e+00
8.917659238707528e-09	1.692668e+00
8.926962058530161e-09	1.636233e+00
8.938523781291019e-09	1.562218e+00
8.950645237122186e-09	1.480210e+00
8.963001316998166e-09	1.392302e+00
8.975427616646954e-09	1.300084e+00
8.990146575564109e-09	1.187127e+00
9.005833579924348e-09	1.064013e+00
9.024031455110070e-09	9.199671e-01
9.042707947975111e-09	7.726129e-01
9.063210488066010e-09	6.129294e-01
9.087385237893757e-09	4.297660e-01
9.109354345186880e-09	2.712179e-01
9.133021421725965e-09	1.129986e-01
9.156682473624602e-09	-2.926268e-02
9.183025535238973e-09	-1.674831e-01
9.211528528914208e-09	-2.920017e-01
9.235260109306816e-09	-3.743069e-01
9.260535689859628e-09	-4.390831e-01
9.282022937197315e-09	-4.757109e-01
9.306285697025453e-09	-4.982477e-01
9.323681878370376e-09	-5.029829e-01
9.338137448634277e-09	-4.999800e-01
9.355504168235132e-09	-4.882322e-01
9.368897298640044e-09	-4.733213e-01
9.382322354833286e-09	-4.536789e-01
9.398859607339463e-09	-4.238616e-01
9.419097685066782e-09	-3.803553e-01
9.434948352264176e-09	-3.417558e-01
9.453252588410124e-09	-2.930409e-01
9.473054891574111e-09	-2.361425e-01
9.492767529774278e-09	-1.763574e-01
9.515914149669937e-09	-1.043824e-01
9.542773758455567e-09	-2.158049e-02
9.572070633455569e-09	6.480041e-02
9.598470219811457e-09	1.370958e-01
9.627767094811459e-09	2.084984e-01
9.655194731032614e-09	2.644033e-01
9.684491606032615e-09	3.105469e-01
9.713788481032617e-09	3.422139e-01
9.743085356032618e-09	3.592944e-01
9.770615322832749e-09	3.617971e-01
9.796873258803473e-09	3.521769e-01
9.821592710078962e-09	3.334041e-01
9.847084867237849e-09	3.055716e-01
9.867740953092708e-09	2.774790e-01
9.891393021700314e-09	2.399866e-01
9.914776497457988e-09	1.983051e-01
9.940962747466958e-09	1.479480e-01
9.970703124999999e-09	8.843213e-02
9.986626862296364e-09	5.623808e-02
1.000000000000000e-08	2.932747e-02
1.000401194131109e-08	2.129912e-02
1.000936119639255e-08	1.064258e-02
1.002005970655546e-08	-1.043917e-02
1.004145672688127e-08	-5.121025e-02
1.007075360188128e-08	-1.027261e-01
1.010005047688128e-08	-1.478944e-01
1.012934735188128e-08	-1.857057e-01
1.015864422688128e-08	-2.153029e-01
1.018794110188128e-08	-2.358529e-01
1.021723797688128e-08	-2.470138e-01
1.024653485188128e-08	-2.491221e-01
1.027583172688129e-08	-2.427694e-01
1.030512860188129e-08	-2.285179e-01
1.033442547688129e-08	-2.071797e-01
1.036372235188129e-08	-1.800440e-01
1.039301922688129e-08	-1.485704e-01
1.042231610188129e-08	-1.140398e-01
1.045161297688129e-08	-7.768382e-02
1.048090985188129e-08	-4.093117e-02
1.051020672688130e-08	-5.237976e-03
1.053950360188130e-08	2.824564e-02
1.056880047688130e-08	5.864607e-02
1.059809735188130e-08	8.511481e-02
1.062739422688130e-08	1.068628e-01
1.065669110188130e-08	1.234285e-01
1.068598797688130e-08	1.347053e-01
1.071528485188131e-08	1.407056e-01
1.074458172688131e-08	1.414881e-01
1.077387860188131e-08	1.373402e-01
1.080317547688131e-08	1.288421e-01
1.083247235188131e-08	1.166678e-01
1.086176922688131e-08	1.014477e-01
1.089106610188131e-08	8.387864e-02
1.092036297688132e-08	6.481010e-02
1.094965985188132e-08	4.510556e-02
1.097895672688132e-08	2.548788e-02
1.100825360188132e-08	6.593257e-03
1.103755047688132e-08	-1.092263e-02
1.106684735188132e-08	-2.645452e-02
1.109614422688132e-08	-3.958572e-02
1.112544110188133e-08	-5.006815e-02
1.115473797688133e-08	-5.770667e-02
1.118403485188133e-08	-6.236504e-02
1.121333172688133e-08	-6.407062e-02
1.124262860188133e-08	-6.301644e-02
1.127192547688133e-08	-5.945006e-02
1.130122235188133e-08	-5.363334e-02
1.133051922688133e-08	-4.591245e-02
1.135981610188134e-08	-3.673759e-02
1.138911297688134e-08	-2.657178e-02
1.141840985188134e-08	-1.582781e-02
1.144770672688134e-08	-4.911413e-03
1.147700360188134e-08	5.742798e-03
1.150630047688134e-08	1.573133e-02
1.153559735188134e-08	2.474695e-02
1.156489422688135e-08	3.255301e-02
1.159419110188135e-08	3.893442e-02
1.162348797688135e-08	4.372337e-02
1.165278485188135e-08	4.685377e-02
1.168208172688135e-08	4.834713e-02
1.171137860188135e-08	4.825729e-02
1.174067547688135e-08	4.666739e-02
1.176997235188136e-08	4.372958e-02
1.179926922688136e-08	3.966085e-02
1.182856610188136e-08	3.469082e-02
1.185786297688136e-08	2.904080e-02
1.188715985188136e-08	2.295094e-02
1.191645672688136e-08	1.668651e-02
1.194575360188136e-08	1.049738e-02
1.197505047688136e-08	4.590599e-03
1.200434735188137e-08	-8.508766e-04
1.203364422688137e-08	-5.651495e-03
1.206294110188137e-08	-9.667143e-03
1.209223797688137e-08	-1.281104e-02
1.212153485188137e-08	-1.503990e-02
1.215083172688137e-08	-1.632983e-02
1.218012860188137e-08	-1.668437e-02
1.220942547688138e-08	-1.615458e-02
1.223872235188138e-08	-1.482988e-02
1.226801922688138e-08	-1.281131e-02
1.229731610188138e-08	-1.020766e-02
1.232661297688138e-08	-7.150175e-03
1.235590985188138e-08	-3.788885e-03
1.238520672688138e-08	-2.686994e-04
1.241450360188139e-08	3.280513e-03
1.244380047688139e-08	6.732711e-03
1.247309735188139e-08	9.963047e-03
1.250239422688139e-08	1.286484e-02
1.253169110188139e-08	1.536060e-02
1.256098797688139e-08	1.739268e-02
1.259028485188139e-08	1.891481e-02
1.261958172688140e-08	1.990087e-02
1.264887860188140e-08	2.035417e-02
1.267817547688140e-08	2.029968e-02
1.270747235188140e-08	1.977195e-02
1.273676922688140e-08	1.881685e-02
1.276606610188140e-08	1.749859e-02
1.279536297688140e-08	1.589440e-02
1.282465985188140e-08	1.408187e-02
1.285395672688141e-08	1.213634e-02
1.288325360188141e-08	1.013658e-02
1.291255047688141e-08	8.162792e-03
1.294184735188141e-08	6.286207e-03
1.297114422688141e-08	4.564981e-03
1.300044110188141e-08	3.049354e-03
1.302973797688141e-08	1.783352e-03
1.305903485188142e-08	7.982110e-04
1.308833172688142e-08	1.085201e-04
1.311762860188142e-08	-2.828121e-04
1.314692547688142e-08	-3.799149e-04
1.317622235188142e-08	-1.967068e-04
1.320551922688142e-08	2.401061e-04
1.323481610188142e-08	8.952891e-04
1.326411297688143e-08	1.731121e-03
1.329340985188143e-08	2.707368e-03
1.332270672688143e-08	3.778826e-03
1.335200360188143e-08	4.898089e-03
1.338130047688143e-08	6.021268e-03
1.341059735188143e-08	7.109239e-03
1.343989422688143e-08	8.125187e-03
1.346919110188143e-08	9.035360e-03
1.349848797688144e-08	9.813228e-03
1.352778485188144e-08	1.044087e-02
1.355708172688144e-08	1.090634e-02
1.358637860188144e-08	1.120237e-02
1.361567547688144e-08	1.132867e-02
1.364497235188144e-08	1.129301e-02
1.367426922688144e-08	1.110849e-02
1.370356610188145e-08	1.079103e-02
1.373286297688145e-08	1.036004e-02
1.376215985188145e-08	9.839276e-03
1.379145672688145e-08	9.254638e-03
1.382075360188145e-08	8.631285e-03
1.385005047688145e-08	7.993449e-03
1.387934735188145e-08	7.365369e-03
1.390864422688146e-08	6.770074e-03
1.393794110188146e-08	6.226969e-03
1.396723797688146e-08	5.751419e-03
1.399653485188146e-08	5.355995e-03
1.402583172688146e-08	5.050398e-03
1.405512860188146e-08	4.839937e-03
1.408442547688146e-08	4.725227e-03
1.411372235188147e-08	4.703682e-03
1.414301922688147e-08	4.770369e-03
1.417231610188147e-08	4.917327e-03
1.420161297688147e-08	5.133415e-03
1.423090985188147e-08	5.405754e-03
1.426020672688147e-08	5.721016e-03
1.428950360188147e-08	6.065323e-03
1.431880047688147e-08	6.424014e-03
1.434809735188148e-08	6.782685e-03
1.437739422688148e-08	7.128471e-03
1.440669110188148e-08	7.450112e-03
1.443598797688148e-08	7.737508e-03
1.446528485188148e-08	7.982149e-03
1.449458172688148e-08	8.178019e-03
1.452387860188148e-08	8.321649e-03
1.455317547688149e-08	8.411399e-03
1.458247235188149e-08	8.447315e-03
1.461176922688149e-08	8.431600e-03
1.464106610188149e-08	8.368564e-03
1.467036297688149e-08	8.263812e-03
1.469965985188149e-08	8.123721e-03
1.472895672688149e-08	7.955574e-03
1.475825360188150e-08	7.767537e-03
1.478755047688150e-08	7.567946e-03
1.481684735188150e-08	7.364678e-03
1.484614422688150e-08	7.165167e-03
1.487544110188150e-08	6.976499e-03
1.490473797688150e-08	6.804972e-03
1.493403485188150e-08	6.655600e-03
1.496333172688151e-08	6.532135e-03
1.499262860188151e-08	6.437344e-03
1.502192547688151e-08	6.372911e-03
1.505122235188151e-08	6.339136e-03
1.508051922688151e-08	6.335035e-03
1.510981610188151e-08	6.358742e-03
1.513911297688151e-08	6.407664e-03
1.516840985188151e-08	6.478379e-03
1.519770672688152e-08	6.566745e-03
1.522700360188152e-08	6.668312e-03
1.525630047688152e-08	6.778608e-03
1.528559735188152e-08	6.893116e-03
1.531489422688152e-08	7.007322e-03
1.534419110188152e-08	7.117025e-03
1.537348797688152e-08	7.218610e-03
1.540278485188153e-08	7.309014e-03
1.543208172688153e-08	7.385667e-03
1.546137860188153e-08	7.446630e-03
1.549067547688153e-08	7.490772e-03
1.551997235188153e-08	7.517696e-03
1.554926922688153e-08	7.527570e-03
1.557856610188153e-08	7.521105e-03
1.560786297688154e-08	7.499632e-03
1.563715985188154e-08	7.465003e-03
1.566645672688154e-08	7.419367e-03
1.569575360188154e-08	7.365060e-03
1.572505047688154e-08	7.304612e-03
1.575434735188154e-08	7.240679e-03
1.578364422688154e-08	7.175840e-03
1.581294110188154e-08	7.112465e-03
1.584223797688155e-08	7.052724e-03
1.587153485188155e-08	6.998573e-03
1.590083172688155e-08	6.951636e-03
1.593012860188155e-08	6.913104e-03
1.595942547688155e-08	6.883777e-03
1.598872235188155e-08	6.864120e-03
1.601801922688155e-08	6.854230e-03
1.604731610188156e-08	6.853800e-03
1.607661297688156e-08	6.862178e-03
1.610590985188156e-08	6.878474e-03
1.613520672688156e-08	6.901596e-03
1.616450360188156e-08	6.930249e-03
1.619380047688156e-08	6.962994e-03
1.622309735188156e-08	6.998363e-03
1.625239422688157e-08	7.034923e-03
1.628169110188157e-08	7.071277e-03
1.631098797688157e-08	7.106097e-03
1.634028485188157e-08	7.138214e-03
1.636958172688157e-08	7.166660e-03
1.639887860188157e-08	7.190664e-03
1.642817547688157e-08	7.209639e-03
1.645747235188158e-08	7.223220e-03
1.648676922688158e-08	7.231286e-03
1.651606610188158e-08	7.233931e-03
1.654536297688158e-08	7.231414e-03
1.657465985188158e-08	7.224158e-03
1.660395672688158e-08	7.212750e-03
1.663325360188158e-08	7.197895e-03
1.666255047688158e-08	7.180361e-03
1.669184735188159e-08	7.160952e-03
1.672114422688159e-08	7.140496e-03
1.675044110188159e-08	7.119819e-03
1.677973797688159e-08	7.099686e-03
1.680903485188159e-08	7.080782e-03
1.683833172688159e-08	7.063705e-03
1.686762860188159e-08	7.048962e-03
1.689692547688160e-08	7.036935e-03
1.692622235188160e-08	7.027871e-03
1.695551922688160e-08	7.021895e-03
1.698481610188160e-08	7.019022e-03
1.701411297688160e-08	7.019154e-03
1.704340985188160e-08	7.022080e-03
1.707270672688160e-08	7.027501e-03
1.710200360188161e-08	7.035055e-03
1.713130047688161e-08	7.044332e-03
1.716059735188161e-08	7.054877e-03
1.718989422688161e-08	7.066218e-03
1.721919110188161e-08	7.077889e-03
1.724848797688161e-08	7.089452e-03
1.727778485188161e-08	7.100494e-03
1.730708172688161e-08	7.110645e-03
1.733637860188162e-08	7.119594e-03
1.736567547688162e-08	7.127104e-03
1.739497235188162e-08	7.132999e-03
1.742426922688162e-08	7.137170e-03
1.745356610188162e-08	7.139580e-03
1.748286297688162e-08	7.140262e-03
1.751215985188162e-08	7.139310e-03
1.754145672688163e-08	7.136866e-03
1.757075360188163e-08	7.133115e-03
1.760005047688163e-08	7.128284e-03
1.762934735188163e-08	7.122622e-03
1.765864422688163e-08	7.116391e-03
1.768794110188163e-08	7.109850e-03
1.771723797688163e-08	7.103259e-03
1.774653485188164e-08	7.096863e-03
1.777583172688164e-08	7.090881e-03
1.780512860188164e-08	7.085499e-03
1.783442547688164e-08	7.080872e-03
1.786372235188164e-08	7.077119e-03
1.789301922688164e-08	7.074319e-03
1.792231610188164e-08	7.072507e-03
1.795161297688165e-08	7.071683e-03
1.798090985188165e-08	7.071810e-03
1.801020672688165e-08	7.072822e-03
1.803950360188165e-08	7.074621e-03
1.806880047688165e-08	7.077088e-03
1.809809735188165e-08	7.080090e-03
1.812739422688165e-08	7.083483e-03
1.815669110188165e-08	7.087117e-03
1.818598797688166e-08	7.090843e-03
1.821528485188166e-08	7.094521e-03
1.824458172688166e-08	7.098021e-03
1.827387860188166e-08	7.101227e-03
1.830317547688166e-08	7.104042e-03
1.833247235188166e-08	7.106391e-03
1.836176922688166e-08	7.108221e-03
1.839106610188167e-08	7.109499e-03
1.842036297688167e-08	7.110216e-03
1.844965985188167e-08	7.110383e-03
1.847895672688167e-08	7.110033e-03
1.850825360188167e-08	7.109211e-03
1.853755047688167e-08	7.107981e-03
1.856684735188167e-08	7.106411e-03
1.859614422688168e-08	7.104584e-03
1.862544110188168e-08	7.102584e-03
1.865473797688168e-08	7.100493e-03
1.871333172688168e-08	7.096363e-03
1.874262860188168e-08	7.094469e-03
1.877192547688168e-08	7.092774e-03
1.880122235188168e-08	7.091323e-03
1.883051922688169e-08	7.090153e-03
1.885981610188169e-08	7.089289e-03
1.888911297688169e-08	7.088741e-03
1.891840985188169e-08	7.088507e-03
1.894770672688169e-08	7.088575e-03
1.897700360188169e-08	7.088922e-03
1.900630047688169e-08	7.089518e-03
1.903559735188170e-08	7.090323e-03
1.906489422688170e-08	7.091294e-03
1.909419110188170e-08	7.092385e-03
1.912348797688170e-08	7.093549e-03
1.915278485188170e-08	7.094738e-03
1.921137860188170e-08	7.097017e-03
1.924067547688171e-08	7.098028e-03
1.926997235188171e-08	7.098914e-03
1.929926922688171e-08	7.099648e-03
1.932856610188171e-08	7.100216e-03
1.935786297688171e-08	7.100607e-03
1.938715985188171e-08	7.100819e-03
1.941645672688171e-08	7.100856e-03
1.944575360188172e-08	7.100730e-03
1.947505047688172e-08	7.100455e-03
1.950434735188172e-08	7.100051e-03
1.953364422688172e-08	7.099542e-03
1.956294110188172e-08	7.098953e-03
1.959223797688172e-08	7.098311e-03
1.965083172688172e-08	7.096974e-03
1.970942547688173e-08	7.095730e-03
1.973872235188173e-08	7.095196e-03
1.976801922688173e-08	7.094741e-03
1.979731610188173e-08	7.094377e-03
1.982661297688173e-08	7.094111e-03
1.985590985188173e-08	7.093945e-03
1.988520672688173e-08	7.093880e-03
1.991450360188172e-08	7.093910e-03
1.994380047688172e-08	7.094029e-03
1.997309735188172e-08	7.094225e-03
2.000000000000000e-08	7.094465e-03
